Sample	Integration	Embedding	Matrix_Dimensions	Matrix_Elements	Matrix_Elements_Non_Zero	Matrix_Non_Zero_Density	Weigth_Max	Weigth_Min	Weigth_Average	Weigth_Variance	Weigth_Standard_Deviation	Weigth_Q1	Weigth_Median	Weigth_Q3	Weigth_Min_Non_Zero	Weigth_Average_Non_Zero	Weigth_Variance_Non_Zero	Weigth_Standard_Deviation_Non_Zero	Weigth_Q1_Non_Zero	Weigth_Median_Non_Zero	Weigth_Q3_Non_Zero	Node_Elements	Node_Elements_Non_Zero	Node_Non_Zero_Density	Edges_Max	Edges_Min	Edges_Average	Edges_Variance	Edges_Standard_Deviation	Edges_Q1	Edges_Median	Edges_Q3	Edges_Min_Non_Zero	Edges_Average_Non_Zero	Edges_Variance_Non_Zero	Edges_Standard_Deviation_Non_Zero	Edges_Q1_Non_Zero	Edges_Median_Non_Zero	Edges_Q3_Non_Zero
integration_mean_by_presence_rf	integration_mean_by_presence	rf	18577x18577	345104929	340035517	0.9853105198622069	1.0	0.0	0.00010204364751905926	5.395536130662453e-05	0.007345431322027627	6.313672791112401e-06	1.1781831993203349e-05	2.3485954591172794e-05	4.833366036974184e-12	0.0001035649629858106	5.4759596061268975e-05	0.007399972706792166	6.528462276079174e-06	1.1982247741652246e-05	2.382287971346943e-05	18577	18577	1.0	18576	4511	18303.11352748022	1434175.9775839597	1197.5708653703796	18325.0	18490.0	18491.0	4511	18303.11352748022	1434175.9775839597	1197.5708653703796	18325.0	18490.0	18491.0
integration_mean_by_presence_el	integration_mean_by_presence	el	18577x18577	345104929	340035517	0.9853105198622069	1.0	0.0	5.481014215113169e-05	5.382712341570572e-05	0.007336697037203166	1.2426292606317955e-09	3.6071054562044057e-09	9.392517567108554e-09	4.087840895364837e-29	5.562727794563357e-05	5.4629558398694676e-05	0.007391181123385807	1.3291006500380854e-09	3.698593050300055e-09	9.573608582123712e-09	18577	18577	1.0	18576	4511	18303.11352748022	1434175.9775839597	1197.5708653703796	18325.0	18490.0	18491.0	4511	18303.11352748022	1434175.9775839597	1197.5708653703796	18325.0	18490.0	18491.0
integration_mean_by_presence_node2vec	integration_mean_by_presence	node2vec	18577x18577	345104929	340041345	0.9853274074795959	1.0	-0.6954225897789001	0.0014759449541770432	0.01189751691390587	0.10907573934613449	-0.06689208870132764	-0.013284925371408463	0.047741321846842766	-0.6954225897789001	0.0014979233734626499	0.012074650908244463	0.10988471644521118	-0.06775128406782945	-0.014867718331515789	0.04899469328423341	18577	18577	1.0	18576	4511	18303.427248748452	1432819.4928096582	1197.0043829534034	18325.0	18490.0	18491.0	4511	18303.427248748452	1432819.4928096582	1197.0043829534034	18325.0	18490.0	18491.0
integration_mean_by_presence_raw_sim	integration_mean_by_presence	raw_sim	18577x18577	345104929	37349312	0.1082259592994686	1.0	0.0	4.853818946016942e-05	3.0336603073971625e-07	0.0005507867379845998	0.0	0.0	0.0	1.9654289911302555e-07	0.00044848934372446577	2.6237062391511258e-06	0.0016197858621284252	4.139153636549917e-05	7.825236441067257e-05	0.00040546756200561415	18577	18577	1.0	10581	1	2010.270011304301	4419636.872564105	2102.2932413353055	366.0	1084.0	4021.0	1	2010.270011304301	4419636.872564105	2102.2932413353055	366.0	1084.0	4021.0
max_rf	max	rf	18577x18577	345104929	340035517	0.9853105198622069	1.0	0.0	0.00018146411206500658	5.5076042600575796e-05	0.007421323507338553	1.2608656380254797e-05	2.23300152555217e-05	4.2200938041792045e-05	4.833366036974184e-12	0.0001841694657744889	5.589664432011461e-05	0.007476405842389417	1.3034179996981629e-05	2.2663505781941777e-05	4.283131933363774e-05	18577	18577	1.0	18576	4511	18303.11352748022	1434175.9775839597	1197.5708653703796	18325.0	18490.0	18491.0	4511	18303.11352748022	1434175.9775839597	1197.5708653703796	18325.0	18490.0	18491.0
max_el	max	el	18577x18577	345104929	340035517	0.9853105198622069	1.0	0.0	5.678419885118966e-05	5.382797403512359e-05	0.0073367550071624715	3.2130890028093368e-09	8.38599363015736e-09	1.9535822270128127e-08	4.087840895364837e-29	5.7630764826433376e-05	5.463041851582198e-05	0.007391239308520729	3.417581900367778e-09	8.57242154786827e-09	1.988847537432943e-08	18577	18577	1.0	18576	4511	18303.11352748022	1434175.9775839597	1197.5708653703796	18325.0	18490.0	18491.0	4511	18303.11352748022	1434175.9775839597	1197.5708653703796	18325.0	18490.0	18491.0
max_node2vec	max	node2vec	18577x18577	345104929	340041345	0.9853274074795959	1.0	-0.6954225897789001	0.11130043665023809	0.02595748023109853	0.1611132528102469	0.009394492022693157	0.08012025058269501	0.1692809760570526	-0.6954225897789001	0.11295782072573972	0.02615680074046686	0.16173064255256905	0.012783555313944817	0.08222514390945435	0.17111553251743317	18577	18577	1.0	18576	4511	18303.427248748452	1432819.4928096582	1197.0043829534034	18325.0	18490.0	18491.0	4511	18303.427248748452	1432819.4928096582	1197.0043829534034	18325.0	18490.0	18491.0
max_raw_sim	max	raw_sim	18577x18577	345104929	37349312	0.1082259592994686	1.0	0.0	0.00014660745094138074	2.955786179282991e-06	0.0017192400004894578	0.0	0.0	0.0	1.0861827670455659e-06	0.0013546421938909125	2.5674794668159844e-05	0.005067030162546878	0.00020200433886298998	0.0003378047621861714	0.0013018068632180825	18577	18577	1.0	10581	1	2010.270011304301	4419636.872564105	2102.2932413353055	366.0	1084.0	4021.0	1	2010.270011304301	4419636.872564105	2102.2932413353055	366.0	1084.0	4021.0
mean_rf	mean	rf	18577x18577	345104929	340035517	0.9853105198622069	1.0	0.0	6.910759481038645e-05	2.9412909521306186e-05	0.00542336699120631	3.2815706270297227e-06	6.650475259141498e-06	1.4096955378219504e-05	8.05561006162364e-13	7.013788386228837e-05	2.985133897119551e-05	0.005463637888000587	3.411154967090071e-06	6.776287880273488e-06	1.4313400272041324e-05	18577	18577	1.0	18576	4511	18303.11352748022	1434175.9775839597	1197.5708653703796	18325.0	18490.0	18491.0	4511	18303.11352748022	1434175.9775839597	1197.5708653703796	18325.0	18490.0	18491.0
mean_el	mean	el	18577x18577	345104929	340035517	0.9853105198622069	1.0	0.0	3.8818669015426954e-05	2.936126983922108e-05	0.005418604048942964	6.589500489803322e-10	2.031636718864006e-09	5.5099012483355846e-09	6.813068158941395e-30	3.939739628564571e-05	2.9798978861782522e-05	0.005458844095757134	7.080711572438701e-10	2.085716890964236e-09	5.620140556948777e-09	18577	18577	1.0	18576	4511	18303.11352748022	1434175.9775839597	1197.5708653703796	18325.0	18490.0	18491.0	4511	18303.11352748022	1434175.9775839597	1197.5708653703796	18325.0	18490.0	18491.0
mean_node2vec	mean	node2vec	18577x18577	345104929	340041345	0.9853274074795959	1.0	-0.2953752875328064	0.0012428869453990977	0.004541608313671038	0.0673914557913022	-0.03738756555443009	-0.007074431981891394	0.02539226063527167	-0.2953752875328064	0.001261394878458037	0.004609214435772616	0.06789119556888519	-0.03790708398446441	-0.007919371360912919	0.026071528283258278	18577	18577	1.0	18576	4511	18303.427248748452	1432819.4928096582	1197.0043829534034	18325.0	18490.0	18491.0	4511	18303.427248748452	1432819.4928096582	1197.0043829534034	18325.0	18490.0	18491.0
mean_raw_sim	mean	raw_sim	18577x18577	345104929	37349312	0.1082259592994686	0.2540230397633652	0.0	3.1500302152060614e-05	1.1990510303312157e-07	0.00034627316244999635	0.0	0.0	0.0	1.8103046117426097e-07	0.0002910605030064657	1.0323667200238607e-06	0.0010160544867396928	3.3771655425190086e-05	5.7008030307940464e-05	0.000281480841276633	18577	18577	1.0	10581	1	2010.270011304301	4419636.872564105	2102.2932413353055	366.0	1084.0	4021.0	1	2010.270011304301	4419636.872564105	2102.2932413353055	366.0	1084.0	4021.0
median_rf	median	rf	18577x18577	345104929	340033831	0.9853056343915622	1.0	0.0	8.199319309258871e-05	5.387742013435141e-05	0.007340123986306458	3.807587604189933e-06	9.209352529163695e-06	1.8877643887696175e-05	4.833366036974184e-12	8.321599941242646e-05	5.468081982947868e-05	0.007394648053117787	3.98870322751043e-06	9.416577212800685e-06	1.9087192417019843e-05	18577	18577	1.0	18576	4511	18303.022770092048	1434175.7065924092	1197.5707522281969	18325.0	18490.0	18491.0	4511	18303.022770092048	1434175.7065924092	1197.5707522281969	18325.0	18490.0	18491.0
median_el	median	el	18577x18577	345104929	340033831	0.9853056343915622	1.0	0.0	5.427285028775897e-05	5.382710821025576e-05	0.0073366960009431876	2.0273733538672724e-11	1.8615163735790225e-09	6.313274324765809e-09	4.087840895364837e-29	5.508224899299708e-05	5.462981490808595e-05	0.007391198475760609	2.272600978276379e-11	1.9486706188943423e-09	6.417969687959661e-09	18577	18577	1.0	18576	4511	18303.022770092048	1434175.7065924092	1197.5707522281969	18325.0	18490.0	18491.0	4511	18303.022770092048	1434175.7065924092	1197.5707522281969	18325.0	18490.0	18491.0
median_node2vec	median	node2vec	18577x18577	345104929	340041345	0.9853274074795959	1.0	-0.6954225897789001	-0.0025164516123583457	0.012726154538133801	0.1128102590110217	-0.07264763861894608	-0.016463929787278175	0.04603719338774681	-0.6954225897789001	-0.002553924302983987	0.01291556506303459	0.11364666762837611	-0.07355492562055588	-0.01810978166759014	0.04729992151260376	18577	18577	1.0	18576	4511	18303.427248748452	1432819.4928096582	1197.0043829534034	18325.0	18490.0	18491.0	4511	18303.427248748452	1432819.4928096582	1197.0043829534034	18325.0	18490.0	18491.0
median_raw_sim	median	raw_sim	18577x18577	345104929	7115759	0.02061911726563604	1.0	0.0	2.1817162936203942e-05	1.2145320227865313e-07	0.0003485013662507697	0.0	0.0	0.0	6.104575408009637e-07	0.0010581036353367354	4.793821706431977e-06	0.0021894797798636956	0.00027731347500635907	0.0006099697627184106	0.0012272393714191764	18577	18575	0.9998923399903106	8178	0	383.03461269311515	256807.39025375832	506.76167007160115	100.0	240.0	489.0	1	383.07585464333783	256819.24232144255	506.7733638634163	100.0	240.0	489.0
