Sample	Net	Embedding	Matrix_Dimensions	Matrix_Elements	Matrix_Elements_Non_Zero	Matrix_Non_Zero_Density	Weigth_Max	Weigth_Min	Weigth_Average	Weigth_Variance	Weigth_Standard_Deviation	Weigth_Q1	Weigth_Median	Weigth_Q3	Weigth_Min_Non_Zero	Weigth_Average_Non_Zero	Weigth_Variance_Non_Zero	Weigth_Standard_Deviation_Non_Zero	Weigth_Q1_Non_Zero	Weigth_Median_Non_Zero	Weigth_Q3_Non_Zero	Node_Elements	Node_Elements_Non_Zero	Node_Non_Zero_Density	Edges_Max	Edges_Min	Edges_Average	Edges_Variance	Edges_Standard_Deviation	Edges_Q1	Edges_Median	Edges_Q3	Edges_Min_Non_Zero	Edges_Average_Non_Zero	Edges_Variance_Non_Zero	Edges_Standard_Deviation_Non_Zero	Edges_Q1_Non_Zero	Edges_Median_Non_Zero	Edges_Q3_Non_Zero
DepMap_Kim_rf	DepMap_Kim	rf	3359x3359	11282881	9679047	0.8578524403474609	1.0	0.0	0.0005000623052402038	0.0003150141375873464	0.017748637626233355	3.5023382310507956e-09	1.203116741754969e-07	2.6499127670575263e-06	3.140205461958954e-17	0.0005829234513078505	0.00036716419634537	0.01916152907117201	2.1016940372514978e-08	2.7047239975441083e-07	4.626685508649954e-06	3359	3359	1.0	3110	1	2880.526347127121	660562.7595767826	812.7501212407062	3110.0	3110.0	3110.0	1	2880.526347127121	660562.7595767826	812.7501212407062	3110.0	3110.0	3110.0
DepMap_Kim_el	DepMap_Kim	el	3359x3359	11282881	9679047	0.8578524403474609	1.0	0.0	0.0003024393901243926	0.000297637088647111	0.017252161854304258	2.734847061996468e-23	1.4179439613969248e-17	1.144986119932418e-13	2.4656564601789027e-57	0.000352554094270448	0.0003469383753658148	0.018626281844904388	2.350000027770104e-20	1.1977228816809602e-16	4.4864574278350815e-13	3359	3359	1.0	3110	1	2880.526347127121	660562.7595767826	812.7501212407062	3110.0	3110.0	3110.0	1	2880.526347127121	660562.7595767826	812.7501212407062	3110.0	3110.0	3110.0
DepMap_Kim_node2vec	DepMap_Kim	node2vec	3359x3359	11282881	11282881	1.0	1.0	-0.6063751578330994	0.0235488118155797	0.030974029233771596	0.17599440114325113	-0.09572350978851318	0.0033128850627690554	0.12095317989587784	-0.6063751578330994	0.0235488118155797	0.030974029233771596	0.17599440114325113	-0.09572350978851318	0.0033128850627690554	0.12095317989587784	3359	3359	1.0	3358	3358	3358.0	0.0	0.0	3358.0	3358.0	3358.0	3358	3358.0	0.0	0.0	3358.0	3358.0	3358.0
DepMap_Kim_raw_sim	DepMap_Kim	raw_sim	3359x3359	11282881	132076	0.01170587547630787	1.0000000000000002	0.0	0.00023473064219559629	5.2132422071624594e-05	0.007220278531443547	0.0	0.0	0.0	0.0024573513139726495	0.020052378198510645	0.004056135145738023	0.0636877943230728	0.003927604798221189	0.004866225358434404	0.01084720522221678	3359	3359	1.0	322	1	39.32003572491813	5588.648693538494	74.75726515555858	2.0	5.0	29.0	1	39.32003572491813	5588.648693538494	74.75726515555858	2.0	5.0	29.0
DepMap_effect_pearson_rf	DepMap_effect_pearson	rf	15246x15246	232440516	232440516	1.0	1.0	2.0271837951988618e-06	0.00012782679878180138	6.558226258859244e-05	0.008098287633110622	2.3037545679892294e-05	3.09124614146994e-05	9.709796472099377e-05	2.0271837951988618e-06	0.00012782679878180138	6.558226258859244e-05	0.008098287633110622	2.3037545679892294e-05	3.09124614146994e-05	9.709796472099377e-05	15246	15246	1.0	15245	15245	15245.0	0.0	0.0	15245.0	15245.0	15245.0	15245	15245.0	0.0	0.0	15245.0	15245.0	15245.0
DepMap_effect_pearson_el	DepMap_effect_pearson	el	15246x15246	232440516	232440516	1.0	1.0	1.6807657236030327e-10	6.685078381803675e-05	6.558651129835629e-05	0.008098549950352613	7.77892634669508e-09	1.197488944072272e-08	2.405181634682647e-06	1.6807657236030327e-10	6.685078381803675e-05	6.558651129835629e-05	0.008098549950352613	7.77892634669508e-09	1.197488944072272e-08	2.405181634682647e-06	15246	15246	1.0	15245	15245	15245.0	0.0	0.0	15245.0	15245.0	15245.0	15245	15245.0	0.0	0.0	15245.0	15245.0	15245.0
DepMap_effect_pearson_node2vec	DepMap_effect_pearson	node2vec	15246x15246	232440516	232440516	1.0	1.0	-0.7675723433494568	0.0007058478383917814	0.03788434575227834	0.19463901395218364	-0.13131169974803925	-0.020487033762037754	0.11533104628324509	-0.7675723433494568	0.0007058478383917814	0.03788434575227834	0.19463901395218364	-0.13131169974803925	-0.020487033762037754	0.11533104628324509	15246	15246	1.0	15245	15245	15245.0	0.0	0.0	15245.0	15245.0	15245.0	15245	15245.0	0.0	0.0	15245.0	15245.0	15245.0
DepMap_effect_pearson_raw_sim	DepMap_effect_pearson	raw_sim	15246x15246	232440516	88073862	0.3789092517760544	0.03560410626264907	0.0	6.236870396267294e-05	1.0244927726317426e-08	0.00010121723038256592	0.0	0.0	0.000119398649937659	3.384649464482125e-05	0.00016460063635377934	1.0210504415091482e-08	0.00010104704060531155	0.00010624669961367563	0.00014405968390639992	0.00019619485348889418	15246	15246	1.0	12775	222	5776.850452577725	4448400.298244249	2109.1231112109717	4372.25	5914.0	7297.0	222	5776.850452577725	4448400.298244249	2109.1231112109717	4372.25	5914.0	7297.0
DepMap_effect_spearman_rf	DepMap_effect_spearman	rf	15246x15246	232440516	232440516	1.0	1.0	6.6741899437749505e-06	0.000128776792549737	6.55830448579689e-05	0.008098335931410162	2.3241959431836624e-05	2.9926830005460345e-05	9.929191999949672e-05	6.6741899437749505e-06	0.000128776792549737	6.55830448579689e-05	0.008098335931410162	2.3241959431836624e-05	2.9926830005460345e-05	9.929191999949672e-05	15246	15246	1.0	15245	15245	15245.0	0.0	0.0	15245.0	15245.0	15245.0	15245	15245.0	0.0	0.0	15245.0	15245.0	15245.0
DepMap_effect_spearman_el	DepMap_effect_spearman	el	15246x15246	232440516	232440516	1.0	1.0	1.3867936773069882e-10	6.68693955358826e-05	6.558651053880893e-05	0.008098549903458577	7.76657106440084e-09	1.1512003987862195e-08	2.448112753499226e-06	1.3867936773069882e-10	6.68693955358826e-05	6.558651053880893e-05	0.008098549903458577	7.76657106440084e-09	1.1512003987862195e-08	2.448112753499226e-06	15246	15246	1.0	15245	15245	15245.0	0.0	0.0	15245.0	15245.0	15245.0	15245	15245.0	0.0	0.0	15245.0	15245.0	15245.0
DepMap_effect_spearman_node2vec	DepMap_effect_spearman	node2vec	15246x15246	232440516	232440516	1.0	1.0	-0.8165693283081055	0.0007284242768606343	0.04970059616181111	0.2229363051676669	-0.15195274353027344	-0.009061859920620918	0.1444683074951172	-0.8165693283081055	0.0007284242768606343	0.04970059616181111	0.2229363051676669	-0.15195274353027344	-0.009061859920620918	0.1444683074951172	15246	15246	1.0	15245	15245	15245.0	0.0	0.0	15245.0	15245.0	15245.0	15245	15245.0	0.0	0.0	15245.0	15245.0	15245.0
DepMap_effect_spearman_raw_sim	DepMap_effect_spearman	raw_sim	15246x15246	232440516	61737280	0.26560464183447263	0.009484930620488925	0.0	6.328933522400636e-05	1.4194671492832963e-08	0.00011914139286089013	0.0	0.0	0.00012136052368217329	5.16579165595335e-05	0.0002382839952904471	1.174443263056965e-08	0.00010837173354048394	0.00016628050059952642	0.0002165224177489642	0.00028424318176937147	15246	15246	1.0	9273	782	4049.4083694083693	1708456.5934338183	1307.0794135911628	3080.0	4010.5	4963.75	782	4049.4083694083693	1708456.5934338183	1307.0794135911628	3080.0	4010.5	4963.75
biological_process_rf	biological_process	rf	16363x16363	267747769	267747769	1.0	1.0	1.6233726115818196e-06	0.00012074041028327677	6.110368717674663e-05	0.007816884748846347	4.0818414748330306e-05	5.801554525903859e-05	7.506280914539968e-05	1.6233726115818196e-06	0.00012074041028327677	6.110368717674663e-05	0.007816884748846347	4.0818414748330306e-05	5.801554525903859e-05	7.506280914539968e-05	16363	16363	1.0	16362	16362	16362.0	0.0	0.0	16362.0	16362.0	16362.0	16362	16362.0	0.0	0.0	16362.0	16362.0	16362.0
biological_process_el	biological_process	el	16363x16363	267747769	267747769	1.0	1.0	2.525550659795423e-10	6.23193103807119e-05	6.110960664821102e-05	0.007817263373343066	5.785785805678402e-07	1.0903781453264473e-06	1.6648471672624365e-06	2.525550659795423e-10	6.23193103807119e-05	6.110960664821102e-05	0.007817263373343066	5.785785805678402e-07	1.0903781453264473e-06	1.6648471672624365e-06	16363	16363	1.0	16362	16362	16362.0	0.0	0.0	16362.0	16362.0	16362.0	16362	16362.0	0.0	0.0	16362.0	16362.0	16362.0
biological_process_node2vec	biological_process	node2vec	16363x16363	267747769	267747769	1.0	1.0	-0.7323241233825684	0.006832124296795482	0.07239793757075191	0.2690686484352124	-0.1942146271467209	-0.04452849552035332	0.16957996785640717	-0.7323241233825684	0.006832124296795482	0.07239793757075191	0.2690686484352124	-0.1942146271467209	-0.04452849552035332	0.16957996785640717	16363	16363	1.0	16362	16362	16362.0	0.0	0.0	16362.0	16362.0	16362.0	16362	16362.0	0.0	0.0	16362.0	16362.0	16362.0
biological_process_raw_sim	biological_process	raw_sim	16363x16363	267747769	231811519	0.8657831953774375	0.009798230516761474	0.0	5.9719704597156555e-05	2.776366384211608e-09	5.269123631318217e-05	2.842870574704871e-05	5.3888452749908415e-05	8.251358893694269e-05	1.7337053500320163e-06	6.897766659830097e-05	2.5681760031075667e-09	5.067717437967084e-05	3.883916355447415e-05	6.091388189486878e-05	8.742155547217542e-05	16363	16363	1.0	16362	634	14165.81042596101	7640537.397662107	2764.1522023329517	13734.0	15371.0	15713.0	634	14165.81042596101	7640537.397662107	2764.1522023329517	13734.0	15371.0	15713.0
cellular_component_rf	cellular_component	rf	17348x17348	300953104	300953104	1.0	1.0	4.0404850532477145e-05	0.00011500625688989043	5.763371068877416e-05	0.0075916869461783104	4.860549168701826e-05	5.575357666978304e-05	6.380228572126751e-05	4.0404850532477145e-05	0.00011500625688989043	5.763371068877416e-05	0.0075916869461783104	4.860549168701826e-05	5.575357666978304e-05	6.380228572126751e-05	17348	17348	1.0	17347	17347	17347.0	0.0	0.0	17347.0	17347.0	17347.0	17347	17347.0	0.0	0.0	17347.0	17347.0	17347.0
cellular_component_el	cellular_component	el	17348x17348	300953104	300953104	1.0	1.0	5.822116142716454e-07	5.88026830677644e-05	5.764007612345895e-05	0.00759210617177203	8.545157427052954e-07	1.0829679349426388e-06	1.371470209210822e-06	5.822116142716454e-07	5.88026830677644e-05	5.764007612345895e-05	0.00759210617177203	8.545157427052954e-07	1.0829679349426388e-06	1.371470209210822e-06	17348	17348	1.0	17347	17347	17347.0	0.0	0.0	17347.0	17347.0	17347.0	17347	17347.0	0.0	0.0	17347.0	17347.0	17347.0
cellular_component_node2vec	cellular_component	node2vec	17348x17348	300953104	300953104	1.0	1.0	-0.6057192087173462	0.02336361524994365	0.03355642976568428	0.18318414168722214	-0.10812690109014511	-0.003257569973357022	0.13148975372314453	-0.6057192087173462	0.02336361524994365	0.03355642976568428	0.18318414168722214	-0.10812690109014511	-0.003257569973357022	0.13148975372314453	17348	17348	1.0	17347	17347	17347.0	0.0	0.0	17347.0	17347.0	17347.0	17347	17347.0	0.0	0.0	17347.0	17347.0	17347.0
cellular_component_raw_sim	cellular_component	raw_sim	17348x17348	300953104	300953104	1.0	0.00026817537448309216	2.859783242703346e-05	5.7388155110323504e-05	3.5521075271883415e-10	1.8847035648049116e-05	4.22010415722883e-05	5.3563154269597736e-05	6.79500408433374e-05	2.859783242703346e-05	5.7388155110323504e-05	3.5521075271883415e-10	1.8847035648049116e-05	4.22010415722883e-05	5.3563154269597736e-05	6.79500408433374e-05	17348	17348	1.0	17347	17347	17347.0	0.0	0.0	17347.0	17347.0	17347.0	17347	17347.0	0.0	0.0	17347.0	17347.0	17347.0
disease_rf	disease	rf	7259x7259	52693081	52693081	1.0	1.0	1.2020637494420544e-06	0.000271950689321298	0.00013770960147025494	0.011734973432873844	8.542068015217508e-05	0.00012939465553492955	0.00016958456563283207	1.2020637494420544e-06	0.000271950689321298	0.00013770960147025494	0.011734973432873844	8.542068015217508e-05	0.00012939465553492955	0.00016958456563283207	7259	7259	1.0	7258	7258	7258.0	0.0	0.0	7258.0	7258.0	7258.0	7258	7258.0	0.0	0.0	7258.0	7258.0	7258.0
disease_el	disease	el	7259x7259	52693081	52693081	1.0	1.0	8.925758943885281e-11	0.00014047472755392623	0.00013774030155529445	0.011736281419397476	1.067803725578838e-06	2.4495069836287488e-06	3.7907273465187055e-06	8.925758943885281e-11	0.00014047472755392623	0.00013774030155529445	0.011736281419397476	1.067803725578838e-06	2.4495069836287488e-06	3.7907273465187055e-06	7259	7259	1.0	7258	7258	7258.0	0.0	0.0	7258.0	7258.0	7258.0	7258	7258.0	0.0	0.0	7258.0	7258.0	7258.0
disease_node2vec	disease	node2vec	7259x7259	52693081	52693081	1.0	1.0	-0.6558421850204468	0.0052645644132385825	0.056618614564544256	0.23794666327676095	-0.1709367036819458	-0.04082849249243736	0.1485399305820465	-0.6558421850204468	0.0052645644132385825	0.056618614564544256	0.23794666327676095	-0.1709367036819458	-0.04082849249243736	0.1485399305820465	7259	7259	1.0	7258	7258	7258.0	0.0	0.0	7258.0	7258.0	7258.0	7258	7258.0	0.0	0.0	7258.0	7258.0	7258.0
disease_raw_sim	disease	raw_sim	7259x7259	52693081	49824001	0.9455511056565472	0.11091320308808313	0.0	0.00013452209010174704	1.3978710201973227e-08	0.00011823159561628705	5.2307816016773886e-05	0.00012108127112993307	0.0001879092051174931	3.305334814529085e-06	0.00014226844989868748	1.3681601780554422e-08	0.00011696837940466825	6.599579191665306e-05	0.00012797192869987392	0.0001923282990966532	7259	7259	1.0	7258	33	6862.7554759608765	709863.7777889195	842.5341404292882	6989.0	7070.0	7159.0	33	6862.7554759608765	709863.7777889195	842.5341404292882	6989.0	7070.0	7159.0
gene_hgncGroup_rf	gene_hgncGroup	rf	14003x14003	196084009	125869979	0.6419186329467591	1.0	0.0	0.00013629004694200073	7.453157447624156e-05	0.008633167117358585	0.0	3.039507055685229e-08	3.560121873401117e-07	5.495778974323796e-15	0.00021231670175448025	0.00011609136870685869	0.010774570465074637	4.1440151395845175e-08	1.882779981038947e-07	1.4191010432728562e-06	14003	14003	1.0	11216	1	8987.786617153468	19989920.113575917	4471.008847405238	11216.0	11216.0	11216.0	1	8987.786617153468	19989920.113575917	4471.008847405238	11216.0	11216.0	11216.0
gene_hgncGroup_el	gene_hgncGroup	el	14003x14003	196084009	125869979	0.6419186329467591	1.0	0.0	7.280317368565378e-05	7.141006086964984e-05	0.008450447376893714	0.0	8.159625304210835e-16	6.191466523138717e-13	1.1388817384973241e-32	0.00011341495627171193	0.00011124011713294797	0.010547043051630536	2.5584690005195985e-14	3.020666866498375e-13	2.9992846742110805e-12	14003	14003	1.0	11216	1	8987.786617153468	19989920.113575917	4471.008847405238	11216.0	11216.0	11216.0	1	8987.786617153468	19989920.113575917	4471.008847405238	11216.0	11216.0	11216.0
gene_hgncGroup_node2vec	gene_hgncGroup	node2vec	14003x14003	196084009	196084009	1.0	1.0	-0.5904074907302856	0.03178551551181026	0.029450921027386487	0.171612706485815	-0.07859177887439728	0.006968414410948753	0.11255344748497009	-0.5904074907302856	0.03178551551181026	0.029450921027386487	0.171612706485815	-0.07859177887439728	0.006968414410948753	0.11255344748497009	14003	14003	1.0	14002	14002	14002.0	0.0	0.0	14002.0	14002.0	14002.0	14002	14002.0	0.0	0.0	14002.0	14002.0	14002.0
gene_hgncGroup_raw_sim	gene_hgncGroup	raw_sim	14003x14003	196084009	2405362	0.012266997254222806	1.0	0.0	6.887036585461052e-05	5.164224625026906e-06	0.0022724930417994476	0.0	0.0	0.0	0.0003788420160526435	0.005614280693745367	0.00038985173688290423	0.019744663503916803	0.0010975886492807856	0.0016388964763725754	0.0033023741773310737	14003	14003	1.0	1620	1	171.77476255088195	69610.74866822017	263.83848973987887	12.0	42.0	219.0	1	171.77476255088195	69610.74866822017	263.83848973987887	12.0	42.0	219.0
hippie_ppi_rf	hippie_ppi	rf	16577x16577	274796929	273803259	0.9963839843348468	1.0	0.0	9.676941676013208e-05	6.08920023303295e-05	0.007803332770703137	1.3210521972273878e-06	4.0252319986745426e-06	1.0851183847947852e-05	6.335216245995205e-10	9.71206063942629e-05	6.111295374453129e-05	0.00781747745404688	1.3397937710788582e-06	4.053714740368384e-06	1.089653901859477e-05	16577	16559	0.9989141581709597	16546	0	16516.057308318756	494515.2518281831	703.2177840670578	16546.0	16546.0	16546.0	1	16534.01062866115	198212.41150613083	445.2105249273997	16546.0	16546.0	16546.0
hippie_ppi_el	hippie_ppi	el	16577x16577	274796929	273803259	0.9963839843348468	1.0	0.0	6.109759605229582e-05	6.0321414671541795e-05	0.007766686209159077	4.366028456932975e-12	2.33044245788685e-11	1.0834242880296679e-10	2.811674778036576e-26	6.131932770184235e-05	6.0540315935164084e-05	0.007780765767915397	4.493906270894075e-12	2.352026823318142e-11	1.0962643256828861e-10	16577	16559	0.9989141581709597	16546	0	16516.057308318756	494515.2518281831	703.2177840670578	16546.0	16546.0	16546.0	1	16534.01062866115	198212.41150613083	445.2105249273997	16546.0	16546.0	16546.0
hippie_ppi_node2vec	hippie_ppi	node2vec	16577x16577	274796929	274796929	1.0	1.0	-0.7011190056800842	0.0046691143098213685	0.01698015375254095	0.1303079189939773	-0.08232992887496948	0.0008671109681017697	0.08619540184736252	-0.7011190056800842	0.0046691143098213685	0.01698015375254095	0.1303079189939773	-0.08232992887496948	0.0008671109681017697	0.08619540184736252	16577	16577	1.0	16576	16576	16576.0	0.0	0.0	16576.0	16576.0	16576.0	16576	16576.0	0.0	0.0	16576.0	16576.0	16576.0
hippie_ppi_raw_sim	hippie_ppi	raw_sim	16577x16577	274796929	716158	0.002606135383703651	1.0	0.0	3.904607865123169e-05	1.6832601698893533e-06	0.0012974051679754297	0.0	0.0	0.0	0.0004045307443365696	0.014982367721719134	0.0004219972851575135	0.02054257250583562	0.005083942560314576	0.009460945407607455	0.017677669529663688	16577	16559	0.9989141581709597	2471	0	42.94588888218616	7602.750103295415	87.19375036833439	6.0	18.0	47.0	1	42.99257201521831	7609.007433200413	87.22962474526881	6.0	19.0	47.0
molecular_function_rf	molecular_function	rf	16327x16327	266570929	266570929	1.0	1.0	3.456508404322276e-05	0.00012118568152395668	6.123735259090424e-05	0.007825429866205704	5.11573360334229e-05	6.0472448880688695e-05	6.82136219438471e-05	3.456508404322276e-05	0.00012118568152395668	6.123735259090424e-05	0.007825429866205704	5.11573360334229e-05	6.0472448880688695e-05	6.82136219438471e-05	16327	16327	1.0	16326	16326	16326.0	0.0	0.0	16326.0	16326.0	16326.0	16326	16326.0	0.0	0.0	16326.0	16326.0	16326.0
molecular_function_el	molecular_function	el	16327x16327	266570929	266570929	1.0	1.0	4.4559579600007863e-07	6.246028166765043e-05	6.124433949690753e-05	0.00782587627661641	9.219412648011217e-07	1.1821539363614907e-06	1.4450256978411254e-06	4.4559579600007863e-07	6.246028166765043e-05	6.124433949690753e-05	0.00782587627661641	9.219412648011217e-07	1.1821539363614907e-06	1.4450256978411254e-06	16327	16327	1.0	16326	16326	16326.0	0.0	0.0	16326.0	16326.0	16326.0	16326	16326.0	0.0	0.0	16326.0	16326.0	16326.0
molecular_function_node2vec	molecular_function	node2vec	16327x16327	266570929	266570929	1.0	1.0	-0.5782849192619324	0.022270411541873984	0.028229782159856963	0.16801720792781008	-0.09265375882387161	-0.003007180755957961	0.11032809317111969	-0.5782849192619324	0.022270411541873984	0.028229782159856963	0.16801720792781008	-0.09265375882387161	-0.003007180755957961	0.11032809317111969	16327	16327	1.0	16326	16326	16326.0	0.0	0.0	16326.0	16326.0	16326.0	16326	16326.0	0.0	0.0	16326.0	16326.0	16326.0
molecular_function_raw_sim	molecular_function	raw_sim	16327x16327	266570929	266570929	1.0	0.0005373255719750822	2.185335458520152e-05	6.0011281822745884e-05	5.108270233598899e-10	2.2601482769054997e-05	4.5566983566405836e-05	5.8468434708948644e-05	7.1565748266119e-05	2.185335458520152e-05	6.0011281822745884e-05	5.108270233598899e-10	2.2601482769054997e-05	4.5566983566405836e-05	5.8468434708948644e-05	7.1565748266119e-05	16327	16327	1.0	16326	16326	16326.0	0.0	0.0	16326.0	16326.0	16326.0	16326	16326.0	0.0	0.0	16326.0	16326.0	16326.0
pathway_rf	pathway	rf	10333x10333	106770889	106605689	0.9984527617822869	1.0	0.0	0.0001890660587744474	9.717972114051608e-05	0.009857977538040755	2.9279086072116756e-06	9.156877245990557e-06	2.2399820915331897e-05	7.554141365239056e-10	0.00018935904232159694	9.73302588468365e-05	0.009865609907493631	2.929814716719114e-06	9.185181810347987e-06	2.24390698933029e-05	10333	10333	1.0	10324	7	10316.01238749637	82344.39624647252	286.95713311655544	10324.0	10324.0	10324.0	7	10316.01238749637	82344.39624647252	286.95713311655544	10324.0	10324.0	10324.0
pathway_el	pathway	el	10333x10333	106770889	106605689	0.9984527617822869	1.0	0.0	9.865293745286756e-05	9.676783741296797e-05	0.009837064471323138	3.0997080697048084e-10	1.931137160117371e-09	6.0402107129613494e-09	8.238964616817039e-18	9.880581358377662e-05	9.6917777308352e-05	0.009844682692111107	3.153217172506627e-10	1.9395746779619766e-09	6.051156361337325e-09	10333	10333	1.0	10324	7	10316.01238749637	82344.39624647252	286.95713311655544	10324.0	10324.0	10324.0	7	10316.01238749637	82344.39624647252	286.95713311655544	10324.0	10324.0	10324.0
pathway_node2vec	pathway	node2vec	10333x10333	106770889	106770889	1.0	1.0	-0.6348447799682617	0.0012093331068881946	0.04437233603175006	0.21064742113719329	-0.11647504568099976	-0.05190812796354294	0.041202299296855927	-0.6348447799682617	0.0012093331068881946	0.04437233603175006	0.21064742113719329	-0.11647504568099976	-0.05190812796354294	0.041202299296855927	10333	10333	1.0	10332	10332	10332.0	0.0	0.0	10332.0	10332.0	10332.0	10332	10332.0	0.0	0.0	10332.0	10332.0	10332.0
pathway_raw_sim	pathway	raw_sim	10333x10333	106770889	9856706	0.09231641782059152	0.7500000000000001	0.0	9.28737156816389e-05	6.193656001700445e-07	0.0007869978400034174	0.0	0.0	0.0	2.4563301914767792e-05	0.00100603682285561	5.790484098300133e-06	0.0024063424731945644	0.0003097653278389449	0.0005410459317275473	0.0009792565478034285	10333	10333	1.0	6743	2	953.9055453401722	728198.0352087897	853.345202839267	244.0	724.0	1355.0	2	953.9055453401722	728198.0352087897	853.345202839267	244.0	724.0	1355.0
phenotype_rf	phenotype	rf	4512x4512	20358144	20358144	1.0	1.0	1.966025378161348e-05	0.00043863003887954305	0.0002214912517133908	0.014882582158798613	0.00016380541055986943	0.00022212309151527728	0.0002661705519942558	1.966025378161348e-05	0.00043863003887954305	0.0002214912517133908	0.014882582158798613	0.00016380541055986943	0.00022212309151527728	0.0002661705519942558	4512	4512	1.0	4511	4511	4511.0	0.0	0.0	4511.0	4511.0	4511.0	4511	4511.0	0.0	0.0	4511.0	4511.0	4511.0
phenotype_el	phenotype	el	4512x4512	20358144	20358144	1.0	1.0	8.62334057875625e-09	0.00022601888540323906	0.00022158014575555926	0.014885568371935257	2.6802201529899846e-06	4.419226783002593e-06	5.862815458000485e-06	8.62334057875625e-09	0.00022601888540323906	0.00022158014575555926	0.014885568371935257	2.6802201529899846e-06	4.419226783002593e-06	5.862815458000485e-06	4512	4512	1.0	4511	4511	4511.0	0.0	0.0	4511.0	4511.0	4511.0	4511	4511.0	0.0	0.0	4511.0	4511.0	4511.0
phenotype_node2vec	phenotype	node2vec	4512x4512	20358144	20358144	1.0	1.0	-0.6796624064445496	0.009389481916221026	0.050902858811834886	0.22561661909494807	-0.1545599400997162	-0.0038294419646263123	0.15503882616758347	-0.6796624064445496	0.009389481916221026	0.050902858811834886	0.22561661909494807	-0.1545599400997162	-0.0038294419646263123	0.15503882616758347	4512	4512	1.0	4511	4511	4511.0	0.0	0.0	4511.0	4511.0	4511.0	4511	4511.0	0.0	0.0	4511.0	4511.0	4511.0
phenotype_raw_sim	phenotype	raw_sim	4512x4512	20358144	20355304	0.9998604980886273	0.009366105574981708	0.0	0.00021740722260757772	1.3464365580421488e-08	0.00011603605293365286	0.00013219130694670317	0.00021866763602420967	0.0002905413964150523	1.0861827670455659e-06	0.00021743755556218283	1.345964862371446e-08	0.00011601572576040913	0.00013223628709816099	0.0002186890230943879	0.0002905524060473071	4512	4512	1.0	4511	4227	4510.370567375887	90.55682875610476	9.516135179583399	4511.0	4511.0	4511.0	4227	4510.370567375887	90.55682875610476	9.516135179583399	4511.0	4511.0	4511.0
string_ppi_coexpression_rf	string_ppi_coexpression	rf	18046x18046	325658116	325080940	0.9982276627799443	1.0	0.0	9.717588251228523e-05	5.5597153194076046e-05	0.007456349857274405	2.448283069241199e-06	7.398763871813409e-06	1.9379611111014107e-05	2.61929571861043e-12	9.73484167345774e-05	5.5695848252688896e-05	0.007462965111313927	2.465629600098573e-06	7.4247843402411986e-06	1.9414836673969718e-05	18046	18046	1.0	18029	1	18013.016402526875	287888.82872353925	536.5527268810953	18029.0	18029.0	18029.0	1	18013.016402526875	287888.82872353925	536.5527268810953	18029.0	18029.0	18029.0
string_ppi_coexpression_el	string_ppi_coexpression	el	18046x18046	325658116	325080940	0.9982276627799443	1.0	0.0	5.627135502310467e-05	5.541096217992378e-05	0.00744385398700994	8.569843062926271e-12	1.3227696052256553e-09	6.816224593852203e-09	1.847443670620134e-29	5.6371263912277976e-05	5.550933772394463e-05	0.007450458893514186	8.653325434609953e-12	1.3340233888174865e-09	6.8333105726315305e-09	18046	18046	1.0	18029	1	18013.016402526875	287888.82872353925	536.5527268810953	18029.0	18029.0	18029.0	1	18013.016402526875	287888.82872353925	536.5527268810953	18029.0	18029.0	18029.0
string_ppi_coexpression_node2vec	string_ppi_coexpression	node2vec	18046x18046	325658116	325658116	1.0	1.0	-0.743041455745697	0.0010404030673436277	0.02497893731632378	0.1580472629194311	-0.10251511633396149	-0.022668877616524696	0.07344982028007507	-0.743041455745697	0.0010404030673436277	0.02497893731632378	0.1580472629194311	-0.10251511633396149	-0.022668877616524696	0.07344982028007507	18046	18046	1.0	18045	18045	18045.0	0.0	0.0	18045.0	18045.0	18045.0	18045	18045.0	0.0	0.0	18045.0	18045.0	18045.0
string_ppi_coexpression_raw_sim	string_ppi_coexpression	raw_sim	18046x18046	325658116	5735293	0.01761139280189166	1.0	0.0	4.246331633579075e-05	4.631616553063643e-07	0.0006805598102344601	0.0	0.0	0.0	0.00013190079110799442	0.00241112766113704	2.058782729902179e-05	0.0045373811057725566	0.0010117793318177996	0.0016103929550570295	0.0026330821698393628	18046	18046	1.0	3562	1	317.8150282611105	117473.26967551447	342.74373761677174	73.0	197.5	452.0	1	317.8150282611105	117473.26967551447	342.74373761677174	73.0	197.5	452.0
string_ppi_combined_rf	string_ppi_combined	rf	18329x18329	335952241	335952241	1.0	1.0	3.1363652764569696e-09	0.00010170714518986814	5.46032744237915e-05	0.007389402846224551	1.053326440044088e-05	1.7210292218112957e-05	2.6456730974604314e-05	3.1363652764569696e-09	0.00010170714518986814	5.46032744237915e-05	0.007389402846224551	1.053326440044088e-05	1.7210292218112957e-05	2.6456730974604314e-05	18329	18329	1.0	18328	18328	18328.0	0.0	0.0	18328.0	18328.0	18328.0	18328	18328.0	0.0	0.0	18328.0	18328.0	18328.0
string_ppi_combined_el	string_ppi_combined	el	18329x18329	335952241	335952241	1.0	1.0	1.4574851480861435e-18	5.5517922988833574e-05	5.455532562829702e-05	0.007386157703995835	2.4921638213957662e-09	5.633223831521752e-09	1.0619065252587046e-08	1.4574851480861435e-18	5.5517922988833574e-05	5.455532562829702e-05	0.007386157703995835	2.4921638213957662e-09	5.633223831521752e-09	1.0619065252587046e-08	18329	18329	1.0	18328	18328	18328.0	0.0	0.0	18328.0	18328.0	18328.0	18328	18328.0	0.0	0.0	18328.0	18328.0	18328.0
string_ppi_combined_node2vec	string_ppi_combined	node2vec	18329x18329	335952241	335952241	1.0	1.0	-0.6371119022369385	0.0005133473998190185	0.021278467625316263	0.14587140784031757	-0.09445822983980179	-0.02032848447561264	0.06813793629407883	-0.6371119022369385	0.0005133473998190185	0.021278467625316263	0.14587140784031757	-0.09445822983980179	-0.02032848447561264	0.06813793629407883	18329	18329	1.0	18328	18328	18328.0	0.0	0.0	18328.0	18328.0	18328.0	18328	18328.0	0.0	0.0	18328.0	18328.0	18328.0
string_ppi_combined_raw_sim	string_ppi_combined	raw_sim	18329x18329	335952241	11071989	0.0329570327229935	0.2347201627566925	0.0	4.751161840361976e-05	1.4205883473343299e-07	0.0003769069311294673	0.0	0.0	0.0	9.771996912250173e-05	0.0014416230612433684	2.300642313445113e-06	0.0015167868384994357	0.0006373315938073735	0.0009908482790126382	0.0016913672115925406	18329	18329	1.0	7470	1	604.0685252877953	267768.31807148084	517.463349495866	247.0	470.0	809.0	1	604.0685252877953	267768.31807148084	517.463349495866	247.0	470.0	809.0
string_ppi_cooccurence_rf	string_ppi_cooccurence	rf	2849x2849	8116801	1401865	0.17271151528785786	1.0	0.0	0.0006248352540635016	0.00038109290308642295	0.019521600935538636	0.0	0.0	0.0	3.2741405162948704e-30	0.0036177973021780867	0.002195700699082769	0.046858304483653364	1.2268286665569374e-16	2.4224613225656233e-11	1.1558502915939124e-07	2849	2848	0.9996489996489997	1166	0	491.05510705510704	316455.10296531656	562.5434231819945	7.0	53.0	1166.0	1	491.22752808988764	316481.5198601864	562.5669025637629	7.0	53.0	1166.0
string_ppi_cooccurence_el	string_ppi_cooccurence	el	2849x2849	8116801	1401865	0.17271151528785786	1.0	0.0	0.00035753057349693446	0.0003509059329457505	0.018732483363018117	0.0	0.0	0.0	1.6172845190713204e-98	0.002070102696401216	0.002028200814885042	0.045035550567135756	3.063827199744462e-49	1.0058742983165452e-30	1.3805432458591772e-19	2849	2848	0.9996489996489997	1166	0	491.05510705510704	316455.10296531656	562.5434231819945	7.0	53.0	1166.0	1	491.22752808988764	316481.5198601864	562.5669025637629	7.0	53.0	1166.0
string_ppi_cooccurence_node2vec	string_ppi_cooccurence	node2vec	2849x2849	8116801	8116801	1.0	1.0	-0.6410636901855469	0.12940856812178697	0.04964166990668195	0.2228041065749955	-0.01881944201886654	0.12288288027048111	0.29030194878578186	-0.6410636901855469	0.12940856812178697	0.04964166990668195	0.2228041065749955	-0.01881944201886654	0.12288288027048111	0.29030194878578186	2849	2849	1.0	2848	2848	2848.0	0.0	0.0	2848.0	2848.0	2848.0	2848	2848.0	0.0	0.0	2848.0	2848.0	2848.0
string_ppi_cooccurence_raw_sim	string_ppi_cooccurence	raw_sim	2849x2849	8116801	57956	0.007140251436495733	1.0000000000000002	0.0	0.0003242422944592073	8.328110133276427e-05	0.009125847978832667	0.0	0.0	0.0	0.0015890171788583486	0.045410486919538764	0.009616220737489264	0.09806233087934053	0.011289295966201268	0.0180834295886136	0.031795806707606095	2849	2848	0.9996489996489997	133	0	20.341172341172342	781.058048608055	27.947415776920323	2.0	7.0	30.0	1	20.348314606741575	781.186963451599	27.94972206394187	2.0	7.0	30.0
string_ppi_database_rf	string_ppi_database	rf	10702x10702	114532804	109078038	0.9523737670824858	1.0	0.0	0.0001622047967050598	9.535890911646702e-05	0.009765188637013984	1.0089812056734179e-07	7.258084976807969e-07	4.102840728940454e-06	4.567879892636656e-13	0.00017031632150259668	0.00010012622847970501	0.010006309433537672	1.431771645488469e-07	8.470682113720687e-07	4.528007876215911e-06	10702	10702	1.0	10443	1	10191.304055316763	2564481.7627176666	1601.3999384031667	10443.0	10443.0	10443.0	1	10191.304055316763	2564481.7627176666	1601.3999384031667	10443.0	10443.0	10443.0
string_ppi_database_el	string_ppi_database	el	10702x10702	114532804	109078038	0.9523737670824858	1.0	0.0	9.490681581213394e-05	9.343330247472765e-05	0.009666090340707955	2.3788593302749148e-15	5.740210024469821e-13	1.6790394429515012e-11	4.053117174394347e-39	9.965290844042536e-05	9.810523447542102e-05	0.009904808654154862	4.074410749609213e-15	1.0770822193060016e-12	1.9136542598146646e-11	10702	10702	1.0	10443	1	10191.304055316763	2564481.7627176666	1601.3999384031667	10443.0	10443.0	10443.0	1	10191.304055316763	2564481.7627176666	1601.3999384031667	10443.0	10443.0	10443.0
string_ppi_database_node2vec	string_ppi_database	node2vec	10702x10702	114532804	114532804	1.0	1.0	-0.7771754860877991	0.012617523637799803	0.020634273748750286	0.14364634958379655	-0.06965629011392593	0.0028387586353346705	0.07739312946796417	-0.7771754860877991	0.012617523637799803	0.020634273748750286	0.14364634958379655	-0.06965629011392593	0.0028387586353346705	0.07739312946796417	10702	10702	1.0	10701	10701	10701.0	0.0	0.0	10701.0	10701.0	10701.0	10701	10701.0	0.0	0.0	10701.0	10701.0	10701.0
string_ppi_database_raw_sim	string_ppi_database	raw_sim	10702x10702	114532804	685002	0.005980836721678446	1.0	0.0	7.260037500527166e-05	4.55343631983921e-06	0.002133878234538984	0.0	0.0	0.0	0.000788784345373302	0.012138832471737714	0.0006148677048500018	0.02479652606414862	0.004447886940183652	0.007017932675554323	0.012200203403486728	10702	10702	1.0	1287	1	64.00635395253224	7387.29766099158	85.94939011413392	9.0	31.5	83.0	1	64.00635395253224	7387.29766099158	85.94939011413392	9.0	31.5	83.0
string_ppi_experimental_rf	string_ppi_experimental	rf	17175x17175	294980625	294671581	0.9989523244111371	1.0	0.0	9.921787944101111e-05	5.8605562827500675e-05	0.007655427017972327	2.1395427963816466e-06	6.207374316782459e-06	1.7621830009175854e-05	4.5384410843474946e-10	9.932193660943539e-05	5.86670165041172e-05	0.007659439699097917	2.1480516370457174e-06	6.220250600668837e-06	1.764337195422999e-05	17175	17174	0.9999417758369723	17165	0	17156.00617176128	154282.18441604724	392.78770909493494	17165.0	17165.0	17165.0	1	17157.005124024687	137152.138788241	370.3405713505354	17165.0	17165.0	17165.0
string_ppi_experimental_el	string_ppi_experimental	el	17175x17175	294980625	294671581	0.9989523244111371	1.0	0.0	5.907514661405489e-05	5.8221053498030527e-05	0.007630272177192012	7.205851164831719e-12	5.349894482278056e-11	5.821324284035069e-09	6.9988548441108e-27	5.913710311338284e-05	5.828211056678249e-05	0.0076342721045809265	7.248779845143293e-12	5.4140581682249566e-11	5.8334565053878574e-09	17175	17174	0.9999417758369723	17165	0	17156.00617176128	154282.18441604724	392.78770909493494	17165.0	17165.0	17165.0	1	17157.005124024687	137152.138788241	370.3405713505354	17165.0	17165.0	17165.0
string_ppi_experimental_node2vec	string_ppi_experimental	node2vec	17175x17175	294980625	294980625	1.0	1.0	-0.6449097394943237	0.0013229765808350042	0.018398112758919966	0.13563964302120515	-0.08461054414510727	-0.010072167031466961	0.07150828093290329	-0.6449097394943237	0.0013229765808350042	0.018398112758919966	0.13563964302120515	-0.08461054414510727	-0.010072167031466961	0.07150828093290329	17175	17175	1.0	17174	17174	17174.0	0.0	0.0	17174.0	17174.0	17174.0	17174	17174.0	0.0	0.0	17174.0	17174.0	17174.0
string_ppi_experimental_raw_sim	string_ppi_experimental	raw_sim	17175x17175	294980625	4289565	0.014541853384438384	1.0	0.0	4.215115564283286e-05	9.515307736559832e-07	0.0009754643887174883	0.0	0.0	0.0	0.00010119262196071987	0.0028986095876843256	5.715418284408283e-05	0.0075600385477908	0.0009175754846674661	0.001532896003146402	0.0026941618221242823	17175	17174	0.9999417758369723	4183	0	249.75569141193594	125123.86357387304	353.7285167665636	27.0	122.0	319.5	1	249.77023407476418	125127.51690599878	353.7336807628004	27.0	122.0	319.75
string_ppi_fusion_rf	string_ppi_fusion	rf	5942x5942	35307364	15064118	0.4266565467759077	1.0	0.0	0.0002616531817677047	0.00018866581326792352	0.013735567453437209	0.0	0.0	1.1414787143759588e-11	2.547720428347953e-27	0.0006132641904710593	0.0004419803578940601	0.021023328896586764	6.147286942333181e-13	4.3583465357433295e-11	2.4975452746599734e-09	5942	5941	0.9998317064961293	3879	0	2534.1932009424436	3403013.8781899787	1844.7259628980069	4.0	3879.0	3879.0	1	2534.6197609829997	3402505.512210125	1844.588168727677	4.0	3879.0	3879.0
string_ppi_fusion_el	string_ppi_fusion	el	5942x5942	35307364	15064118	0.4266565467759077	1.0	0.0	0.00017095728292297832	0.00016829323848070095	0.012972788384950282	0.0	0.0	1.3413839565636084e-31	5.227147755741251e-82	0.00040069063562915395	0.0003943545810840536	0.01985836300111501	7.219861418595236e-36	1.2335024819935253e-29	6.416786686575609e-24	5942	5941	0.9998317064961293	3879	0	2534.1932009424436	3403013.8781899787	1844.7259628980069	4.0	3879.0	3879.0	1	2534.6197609829997	3402505.512210125	1844.588168727677	4.0	3879.0	3879.0
string_ppi_fusion_node2vec	string_ppi_fusion	node2vec	5942x5942	35307364	35307364	1.0	1.0	-0.6099217534065247	0.07444056307852889	0.019639956977826476	0.1401426308366818	-0.018944699317216873	0.0719120055437088	0.16459603607654572	-0.6099217534065247	0.07444056307852889	0.019639956977826476	0.1401426308366818	-0.018944699317216873	0.0719120055437088	0.16459603607654572	5942	5942	1.0	5941	5941	5941.0	0.0	0.0	5941.0	5941.0	5941.0	5941	5941.0	0.0	0.0	5941.0	5941.0	5941.0
string_ppi_fusion_raw_sim	string_ppi_fusion	raw_sim	5942x5942	35307364	22107	0.0006261300050607007	1.0000000000000002	0.0	0.00013253303790634386	7.241396884247825e-05	0.008509639759853424	0.0	0.0	0.0	0.00047796069157299243	0.21167015928823812	0.07087704504929154	0.2662274310609099	0.022428516483350598	0.08710975760966161	0.3181133807333846	5942	5941	0.9998317064961293	101	0	3.7202961965668124	54.4522269065587	7.379175218583626	1.0	2.0	3.0	1	3.7209224036357518	54.45906233717581	7.379638360866731	1.0	2.0	3.0
string_ppi_neighborhood_rf	string_ppi_neighborhood	rf	3884x3884	15085456	15085456	1.0	1.0	1.3129162725497821e-08	0.00040779463221132805	0.00025826642341042727	0.01607066966278715	5.3707725673454035e-06	2.1909326118945454e-05	7.430483897359762e-05	1.3129162725497821e-08	0.00040779463221132805	0.00025826642341042727	0.01607066966278715	5.3707725673454035e-06	2.1909326118945454e-05	7.430483897359762e-05	3884	3884	1.0	3883	3883	3883.0	0.0	0.0	3883.0	3883.0	3883.0	3883	3883.0	0.0	0.0	3883.0	3883.0	3883.0
string_ppi_neighborhood_el	string_ppi_neighborhood	el	3884x3884	15085456	15085456	1.0	1.0	5.262596108282093e-18	0.00026060818595322386	0.00025739957032583897	0.01604367695778742	3.021078696484718e-11	5.939222420804627e-09	3.312808352945019e-08	5.262596108282093e-18	0.00026060818595322386	0.00025739957032583897	0.01604367695778742	3.021078696484718e-11	5.939222420804627e-09	3.312808352945019e-08	3884	3884	1.0	3883	3883	3883.0	0.0	0.0	3883.0	3883.0	3883.0	3883	3883.0	0.0	0.0	3883.0	3883.0	3883.0
string_ppi_neighborhood_node2vec	string_ppi_neighborhood	node2vec	3884x3884	15085456	15085456	1.0	1.0	-0.6659080982208252	0.014369254223865443	0.02445332245623897	0.15637558139376803	-0.08195464126765728	-0.004222953924909234	0.08327071741223335	-0.6659080982208252	0.014369254223865443	0.02445332245623897	0.15637558139376803	-0.08195464126765728	-0.004222953924909234	0.08327071741223335	3884	3884	1.0	3883	3883	3883.0	0.0	0.0	3883.0	3883.0	3883.0	3883	3883.0	0.0	0.0	3883.0	3883.0	3883.0
string_ppi_neighborhood_raw_sim	string_ppi_neighborhood	raw_sim	3884x3884	15085456	358396	0.023757717366979163	0.4326373115295956	0.0	0.00015543169867654865	2.3657558083496087e-06	0.0015381013647837417	0.0	0.0	0.0	0.00035188671903618106	0.006542366687659272	5.7792742956583284e-05	0.0076021538366822915	0.0029966279514325586	0.004571645605382411	0.00726559152853905	3884	3884	1.0	1389	1	92.27497425334707	16092.572174948056	126.85650229668188	11.0	41.0	124.0	1	92.27497425334707	16092.572174948056	126.85650229668188	11.0	41.0	124.0
string_ppi_textmining_rf	string_ppi_textmining	rf	18294x18294	334670436	334670436	1.0	1.0	6.9597195398170194e-09	0.00010305226911556864	5.4726661474099376e-05	0.007397747053941448	1.1303611075843028e-05	1.865282872381392e-05	2.818965480649355e-05	6.9597195398170194e-09	0.00010305226911556864	5.4726661474099376e-05	0.007397747053941448	1.1303611075843028e-05	1.865282872381392e-05	2.818965480649355e-05	18294	18294	1.0	18293	18293	18293.0	0.0	0.0	18293.0	18293.0	18293.0	18293	18293.0	0.0	0.0	18293.0	18293.0	18293.0
string_ppi_textmining_el	string_ppi_textmining	el	18294x18294	334670436	334670436	1.0	1.0	9.306325474116954e-19	5.5646703025192906e-05	5.465971756134755e-05	0.007393221054543652	2.3638842611879863e-09	6.158762044740367e-09	1.1744392755091031e-08	9.306325474116954e-19	5.5646703025192906e-05	5.465971756134755e-05	0.007393221054543652	2.3638842611879863e-09	6.158762044740367e-09	1.1744392755091031e-08	18294	18294	1.0	18293	18293	18293.0	0.0	0.0	18293.0	18293.0	18293.0	18293	18293.0	0.0	0.0	18293.0	18293.0	18293.0
string_ppi_textmining_node2vec	string_ppi_textmining	node2vec	18294x18294	334670436	334670436	1.0	1.0	-0.6251175999641418	0.00017845196378681738	0.020122540987066104	0.1418539424445655	-0.09380902349948883	-0.01606402825564146	0.07300358265638351	-0.6251175999641418	0.00017845196378681738	0.020122540987066104	0.1418539424445655	-0.09380902349948883	-0.01606402825564146	0.07300358265638351	18294	18294	1.0	18293	18293	18293.0	0.0	0.0	18293.0	18293.0	18293.0	18293	18293.0	0.0	0.0	18293.0	18293.0	18293.0
string_ppi_textmining_raw_sim	string_ppi_textmining	raw_sim	18294x18294	334670436	9116017	0.02723878783245736	0.23336825563122052	0.0	4.8722015408167335e-05	2.0531765506891e-07	0.00045311991246127113	0.0	0.0	0.0	5.524308817055636e-05	0.0017886998389154034	4.425396175832022e-06	0.002103662562254703	0.0006231233508019652	0.001156013608385632	0.0021706710405229347	18294	18294	1.0	7459	1	498.3060019678583	209156.00060134992	457.3357635275749	197.0	376.0	654.0	1	498.3060019678583	209156.00060134992	457.3357635275749	197.0	376.0	654.0
